Canada, Period fertility rates by calendar year and age (Lexis squares, age in completed years (ACY))
Last modified: 28/10/2011
Year    Age        ASFR
1921     12-    0.00000
1921     13     0.00004
1921     14     0.00060
1921     15     0.00284
1921     16     0.01037
1921     17     0.02809
1921     18     0.05757
1921     19     0.09128
1921     20     0.12041
1921     21     0.14939
1921     22     0.17009
1921     23     0.18451
1921     24     0.19815
1921     25     0.20168
1921     26     0.19177
1921     27     0.18313
1921     28     0.17923
1921     29     0.18163
1921     30     0.17517
1921     31     0.15960
1921     32     0.14978
1921     33     0.14475
1921     34     0.14273
1921     35     0.13407
1921     36     0.12085
1921     37     0.10905
1921     38     0.09753
1921     39     0.08547
1921     40     0.06815
1921     41     0.05383
1921     42     0.04399
1921     43     0.03515
1921     44     0.02593
1921     45     0.02097
1921     46     0.00833
1921     47     0.00149
1921     48     0.00020
1921     49     0.00003
1921     50     0.00000
1921     51     0.00000
1921     52     0.00000
1921     53     0.00000
1921     54     0.00000
1921     55+    0.00000
1922     12-    0.00000
1922     13     0.00005
1922     14     0.00074
1922     15     0.00329
1922     16     0.01131
1922     17     0.02883
1922     18     0.05630
1922     19     0.08732
1922     20     0.11451
1922     21     0.14069
1922     22     0.15952
1922     23     0.17338
1922     24     0.18760
1922     25     0.19258
1922     26     0.18455
1922     27     0.17736
1922     28     0.17421
1922     29     0.17657
1922     30     0.17034
1922     31     0.15558
1922     32     0.14605
1922     33     0.14091
1922     34     0.13854
1922     35     0.12906
1922     36     0.11545
1922     37     0.10474
1922     38     0.09502
1922     39     0.08473
1922     40     0.07282
1922     41     0.05938
1922     42     0.04378
1922     43     0.02973
1922     44     0.01889
1922     45     0.01178
1922     46     0.00704
1922     47     0.00374
1922     48     0.00184
1922     49     0.00086
1922     50     0.00046
1922     51     0.00022
1922     52     0.00008
1922     53     0.00003
1922     54     0.00001
1922     55+    0.00000
1923     12-    0.00000
1923     13     0.00005
1923     14     0.00076
1923     15     0.00323
1923     16     0.01059
1923     17     0.02593
1923     18     0.04945
1923     19     0.07725
1923     20     0.10393
1923     21     0.13000
1923     22     0.14986
1923     23     0.16468
1923     24     0.17852
1923     25     0.18292
1923     26     0.17575
1923     27     0.16925
1923     28     0.16659
1923     29     0.16928
1923     30     0.16365
1923     31     0.14960
1923     32     0.14057
1923     33     0.13576
1923     34     0.13359
1923     35     0.12480
1923     36     0.11180
1923     37     0.10114
1923     38     0.09120
1923     39     0.08074
1923     40     0.06925
1923     41     0.05629
1923     42     0.04128
1923     43     0.02791
1923     44     0.01773
1923     45     0.01096
1923     46     0.00669
1923     47     0.00383
1923     48     0.00208
1923     49     0.00108
1923     50     0.00062
1923     51     0.00029
1923     52     0.00010
1923     53     0.00003
1923     54     0.00001
1923     55+    0.00000
1924     12-    0.00000
1924     13     0.00004
1924     14     0.00060
1924     15     0.00276
1924     16     0.00976
1924     17     0.02558
1924     18     0.05112
1924     19     0.08027
1924     20     0.10562
1924     21     0.13069
1924     22     0.14903
1924     23     0.16271
1924     24     0.17671
1924     25     0.18154
1924     26     0.17424
1924     27     0.16787
1924     28     0.16557
1924     29     0.16880
1924     30     0.16405
1924     31     0.15063
1924     32     0.14155
1924     33     0.13613
1924     34     0.13296
1924     35     0.12280
1924     36     0.10907
1924     37     0.09878
1924     38     0.08984
1924     39     0.08048
1924     40     0.07016
1924     41     0.05733
1924     42     0.04168
1924     43     0.02769
1924     44     0.01719
1924     45     0.01043
1924     46     0.00624
1924     47     0.00346
1924     48     0.00181
1924     49     0.00091
1924     50     0.00050
1924     51     0.00024
1924     52     0.00008
1924     53     0.00003
1924     54     0.00001
1924     55+    0.00000
1925     12-    0.00000
1925     13     0.00006
1925     14     0.00083
1925     15     0.00349
1925     16     0.01131
1925     17     0.02730
1925     18     0.05114
1925     19     0.07817
1925     20     0.10254
1925     21     0.12546
1925     22     0.14237
1925     23     0.15560
1925     24     0.16998
1925     25     0.17602
1925     26     0.17043
1925     27     0.16498
1925     28     0.16247
1925     29     0.16426
1925     30     0.15797
1925     31     0.14409
1925     32     0.13528
1925     33     0.13075
1925     34     0.12893
1925     35     0.12064
1925     36     0.10814
1925     37     0.09804
1925     38     0.08868
1925     39     0.07874
1925     40     0.06753
1925     41     0.05483
1925     42     0.04051
1925     43     0.02765
1925     44     0.01768
1925     45     0.01108
1925     46     0.00659
1925     47     0.00343
1925     48     0.00164
1925     49     0.00075
1925     50     0.00039
1925     51     0.00018
1925     52     0.00007
1925     53     0.00002
1925     54     0.00001
1925     55+    0.00000
1926     12-    0.00000
1926     13     0.00005
1926     14     0.00063
1926     15     0.00271
1926     16     0.00905
1926     17     0.02258
1926     18     0.04397
1926     19     0.07007
1926     20     0.09629
1926     21     0.12302
1926     22     0.14466
1926     23     0.16163
1926     24     0.17738
1926     25     0.18332
1926     26     0.17851
1926     27     0.17373
1926     28     0.17238
1926     29     0.17629
1926     30     0.17128
1926     31     0.15739
1926     32     0.14898
1926     33     0.14539
1926     34     0.14498
1926     35     0.13707
1926     36     0.12395
1926     37     0.11339
1926     38     0.10350
1926     39     0.09270
1926     40     0.08004
1926     41     0.06530
1926     42     0.04872
1926     43     0.03360
1926     44     0.02163
1926     45     0.01366
1926     46     0.00796
1926     47     0.00390
1926     48     0.00172
1926     49     0.00072
1926     50     0.00035
1926     51     0.00016
1926     52     0.00006
1926     53     0.00002
1926     54     0.00001
1926     55+    0.00000
1927     12-    0.00000
1927     13     0.00005
1927     14     0.00077
1927     15     0.00315
1927     16     0.00996
1927     17     0.02359
1927     18     0.04421
1927     19     0.06966
1927     20     0.09648
1927     21     0.12326
1927     22     0.14502
1927     23     0.16175
1927     24     0.17633
1927     25     0.18071
1927     26     0.17518
1927     27     0.17001
1927     28     0.16856
1927     29     0.17261
1927     30     0.16792
1927     31     0.15439
1927     32     0.14636
1927     33     0.14317
1927     34     0.14313
1927     35     0.13626
1927     36     0.12391
1927     37     0.11310
1927     38     0.10242
1927     39     0.09080
1927     40     0.07781
1927     41     0.06330
1927     42     0.04736
1927     43     0.03296
1927     44     0.02156
1927     45     0.01369
1927     46     0.00831
1927     47     0.00447
1927     48     0.00222
1927     49     0.00105
1927     50     0.00055
1927     51     0.00025
1927     52     0.00009
1927     53     0.00003
1927     54     0.00001
1927     55+    0.00000
1928     12-    0.00000
1928     13     0.00006
1928     14     0.00073
1928     15     0.00254
1928     16     0.00835
1928     17     0.02207
1928     18     0.04691
1928     19     0.07408
1928     20     0.10122
1928     21     0.12350
1928     22     0.14763
1928     23     0.16010
1928     24     0.17340
1928     25     0.17168
1928     26     0.17072
1928     27     0.16764
1928     28     0.19568
1928     29     0.15795
1928     30     0.17023
1928     31     0.14172
1928     32     0.15774
1928     33     0.14477
1928     34     0.13353
1928     35     0.12820
1928     36     0.11980
1928     37     0.10318
1928     38     0.11643
1928     39     0.08537
1928     40     0.07766
1928     41     0.05314
1928     42     0.05170
1928     43     0.03547
1928     44     0.02222
1928     45     0.01339
1928     46     0.00750
1928     47     0.00363
1928     48     0.00211
1928     49     0.00077
1928     50     0.00043
1928     51     0.00020
1928     52     0.00008
1928     53     0.00002
1928     54     0.00001
1928     55+    0.00000
1929     12-    0.00000
1929     13     0.00005
1929     14     0.00069
1929     15     0.00238
1929     16     0.00843
1929     17     0.02209
1929     18     0.04733
1929     19     0.07415
1929     20     0.09953
1929     21     0.12646
1929     22     0.14839
1929     23     0.15846
1929     24     0.17098
1929     25     0.17374
1929     26     0.17582
1929     27     0.16438
1929     28     0.17601
1929     29     0.17205
1929     30     0.16258
1929     31     0.13893
1929     32     0.15165
1929     33     0.13979
1929     34     0.12714
1929     35     0.12202
1929     36     0.11511
1929     37     0.09830
1929     38     0.10364
1929     39     0.08344
1929     40     0.07192
1929     41     0.05038
1929     42     0.04993
1929     43     0.03254
1929     44     0.02293
1929     45     0.01261
1929     46     0.00617
1929     47     0.00367
1929     48     0.00180
1929     49     0.00099
1929     50     0.00042
1929     51     0.00018
1929     52     0.00007
1929     53     0.00002
1929     54     0.00001
1929     55+    0.00000
1930     12-    0.00000
1930     13     0.00005
1930     14     0.00069
1930     15     0.00234
1930     16     0.00836
1930     17     0.02217
1930     18     0.04683
1930     19     0.07566
1930     20     0.10134
1930     21     0.12553
1930     22     0.15383
1930     23     0.16597
1930     24     0.17340
1930     25     0.17952
1930     26     0.18179
1930     27     0.17258
1930     28     0.18049
1930     29     0.16424
1930     30     0.18239
1930     31     0.13574
1930     32     0.15090
1930     33     0.13851
1930     34     0.13084
1930     35     0.12673
1930     36     0.11702
1930     37     0.10162
1930     38     0.10453
1930     39     0.08179
1930     40     0.07341
1930     41     0.04981
1930     42     0.04982
1930     43     0.03449
1930     44     0.02233
1930     45     0.01256
1930     46     0.00731
1930     47     0.00328
1930     48     0.00183
1930     49     0.00080
1930     50     0.00039
1930     51     0.00018
1930     52     0.00007
1930     53     0.00002
1930     54     0.00001
1930     55+    0.00000
1931     12-    0.00000
1931     13     0.00006
1931     14     0.00074
1931     15     0.00250
1931     16     0.00810
1931     17     0.02164
1931     18     0.04748
1931     19     0.07266
1931     20     0.09681
1931     21     0.12129
1931     22     0.14366
1931     23     0.15849
1931     24     0.17029
1931     25     0.17380
1931     26     0.18031
1931     27     0.17492
1931     28     0.18136
1931     29     0.15876
1931     30     0.16506
1931     31     0.15202
1931     32     0.14490
1931     33     0.13638
1931     34     0.12559
1931     35     0.11972
1931     36     0.11422
1931     37     0.10020
1931     38     0.10020
1931     39     0.08016
1931     40     0.06829
1931     41     0.04805
1931     42     0.04681
1931     43     0.03179
1931     44     0.02159
1931     45     0.01289
1931     46     0.00683
1931     47     0.00346
1931     48     0.00155
1931     49     0.00063
1931     50     0.00027
1931     51     0.00013
1931     52     0.00005
1931     53     0.00002
1931     54     0.00000
1931     55+    0.00000
1932     12-    0.00000
1932     13     0.00004
1932     14     0.00053
1932     15     0.00232
1932     16     0.00773
1932     17     0.02125
1932     18     0.04516
1932     19     0.06985
1932     20     0.09388
1932     21     0.11546
1932     22     0.13378
1932     23     0.14600
1932     24     0.16166
1932     25     0.16561
1932     26     0.17049
1932     27     0.16694
1932     28     0.17480
1932     29     0.16112
1932     30     0.15678
1932     31     0.13324
1932     32     0.16279
1932     33     0.12710
1932     34     0.12176
1932     35     0.11633
1932     36     0.10991
1932     37     0.09736
1932     38     0.09865
1932     39     0.07926
1932     40     0.06755
1932     41     0.04746
1932     42     0.04697
1932     43     0.03193
1932     44     0.02144
1932     45     0.01320
1932     46     0.00665
1932     47     0.00347
1932     48     0.00184
1932     49     0.00077
1932     50     0.00024
1932     51     0.00010
1932     52     0.00004
1932     53     0.00001
1932     54     0.00000
1932     55+    0.00000
1933     12-    0.00000
1933     13     0.00006
1933     14     0.00069
1933     15     0.00216
1933     16     0.00767
1933     17     0.01969
1933     18     0.04365
1933     19     0.06553
1933     20     0.08715
1933     21     0.10454
1933     22     0.12198
1933     23     0.13363
1933     24     0.14526
1933     25     0.15374
1933     26     0.15742
1933     27     0.15398
1933     28     0.16297
1933     29     0.14870
1933     30     0.14898
1933     31     0.12268
1933     32     0.13962
1933     33     0.13978
1933     34     0.11109
1933     35     0.10918
1933     36     0.10265
1933     37     0.09455
1933     38     0.09145
1933     39     0.07589
1933     40     0.06137
1933     41     0.04170
1933     42     0.04239
1933     43     0.02899
1933     44     0.01942
1933     45     0.01178
1933     46     0.00600
1933     47     0.00318
1933     48     0.00187
1933     49     0.00076
1933     50     0.00035
1933     51     0.00016
1933     52     0.00006
1933     53     0.00002
1933     54     0.00000
1933     55+    0.00000
1934     12-    0.00000
1934     13     0.00004
1934     14     0.00049
1934     15     0.00190
1934     16     0.00685
1934     17     0.01919
1934     18     0.03986
1934     19     0.06466
1934     20     0.08337
1934     21     0.10139
1934     22     0.11637
1934     23     0.12614
1934     24     0.14081
1934     25     0.14202
1934     26     0.15396
1934     27     0.15004
1934     28     0.16108
1934     29     0.14840
1934     30     0.14928
1934     31     0.12466
1934     32     0.13327
1934     33     0.12435
1934     34     0.13175
1934     35     0.10319
1934     36     0.10147
1934     37     0.09001
1934     38     0.09335
1934     39     0.07588
1934     40     0.06369
1934     41     0.04166
1934     42     0.04039
1934     43     0.02804
1934     44     0.01975
1934     45     0.01130
1934     46     0.00615
1934     47     0.00306
1934     48     0.00168
1934     49     0.00076
1934     50     0.00024
1934     51     0.00010
1934     52     0.00004
1934     53     0.00001
1934     54     0.00000
1934     55+    0.00000
1935     12-    0.00000
1935     13     0.00004
1935     14     0.00060
1935     15     0.00237
1935     16     0.00739
1935     17     0.01900
1935     18     0.04007
1935     19     0.06417
1935     20     0.08341
1935     21     0.10366
1935     22     0.11570
1935     23     0.12857
1935     24     0.13551
1935     25     0.14390
1935     26     0.14545
1935     27     0.14882
1935     28     0.15725
1935     29     0.14649
1935     30     0.14674
1935     31     0.12580
1935     32     0.13374
1935     33     0.11955
1935     34     0.11346
1935     35     0.11909
1935     36     0.09593
1935     37     0.08725
1935     38     0.08722
1935     39     0.07169
1935     40     0.05931
1935     41     0.04064
1935     42     0.04002
1935     43     0.02628
1935     44     0.01818
1935     45     0.01184
1935     46     0.00559
1935     47     0.00326
1935     48     0.00140
1935     49     0.00081
1935     50     0.00035
1935     51     0.00015
1935     52     0.00006
1935     53     0.00002
1935     54     0.00000
1935     55+    0.00000
1936     12-    0.00000
1936     13     0.00004
1936     14     0.00064
1936     15     0.00256
1936     16     0.00755
1936     17     0.01839
1936     18     0.03900
1936     19     0.06182
1936     20     0.08143
1936     21     0.10167
1936     22     0.11893
1936     23     0.12569
1936     24     0.13599
1936     25     0.13807
1936     26     0.14397
1936     27     0.14262
1936     28     0.15540
1936     29     0.14144
1936     30     0.14331
1936     31     0.12290
1936     32     0.13180
1936     33     0.12241
1936     34     0.10780
1936     35     0.10213
1936     36     0.11065
1936     37     0.08393
1936     38     0.08517
1936     39     0.06625
1936     40     0.05803
1936     41     0.04135
1936     42     0.03839
1936     43     0.02548
1936     44     0.01646
1936     45     0.00963
1936     46     0.00578
1936     47     0.00263
1936     48     0.00163
1936     49     0.00072
1936     50     0.00033
1936     51     0.00015
1936     52     0.00005
1936     53     0.00002
1936     54     0.00000
1936     55+    0.00000
1937     12-    0.00000
1937     13     0.00003
1937     14     0.00051
1937     15     0.00224
1937     16     0.00753
1937     17     0.01899
1937     18     0.03851
1937     19     0.06133
1937     20     0.08109
1937     21     0.10201
1937     22     0.12022
1937     23     0.13183
1937     24     0.13929
1937     25     0.13858
1937     26     0.14319
1937     27     0.14105
1937     28     0.14665
1937     29     0.13823
1937     30     0.13960
1937     31     0.12103
1937     32     0.12675
1937     33     0.11757
1937     34     0.10675
1937     35     0.09527
1937     36     0.09586
1937     37     0.09093
1937     38     0.07795
1937     39     0.06466
1937     40     0.05441
1937     41     0.04055
1937     42     0.03682
1937     43     0.02428
1937     44     0.01567
1937     45     0.00968
1937     46     0.00535
1937     47     0.00257
1937     48     0.00114
1937     49     0.00071
1937     50     0.00036
1937     51     0.00016
1937     52     0.00006
1937     53     0.00002
1937     54     0.00000
1937     55+    0.00000
1938     12-    0.00000
1938     13     0.00005
1938     14     0.00064
1938     15     0.00213
1938     16     0.00784
1938     17     0.02052
1938     18     0.04317
1938     19     0.06169
1938     20     0.08567
1938     21     0.10678
1938     22     0.12672
1938     23     0.14152
1938     24     0.14818
1938     25     0.14736
1938     26     0.14792
1938     27     0.14123
1938     28     0.15152
1938     29     0.13699
1938     30     0.13890
1938     31     0.11961
1938     32     0.12973
1938     33     0.11958
1938     34     0.10787
1938     35     0.09773
1938     36     0.08999
1938     37     0.08178
1938     38     0.09042
1938     39     0.06175
1938     40     0.05443
1938     41     0.03809
1938     42     0.03449
1938     43     0.02537
1938     44     0.01623
1938     45     0.00990
1938     46     0.00500
1938     47     0.00249
1938     48     0.00144
1938     49     0.00054
1938     50     0.00025
1938     51     0.00011
1938     52     0.00005
1938     53     0.00002
1938     54     0.00000
1938     55+    0.00000
1939     12-    0.00000
1939     13     0.00004
1939     14     0.00049
1939     15     0.00195
1939     16     0.00730
1939     17     0.01930
1939     18     0.04218
1939     19     0.06624
1939     20     0.08382
1939     21     0.10590
1939     22     0.12543
1939     23     0.13840
1939     24     0.14846
1939     25     0.15038
1939     26     0.14648
1939     27     0.13942
1939     28     0.14431
1939     29     0.13759
1939     30     0.13433
1939     31     0.11960
1939     32     0.12442
1939     33     0.11296
1939     34     0.10719
1939     35     0.09890
1939     36     0.08859
1939     37     0.07733
1939     38     0.07768
1939     39     0.06955
1939     40     0.05061
1939     41     0.03672
1939     42     0.03432
1939     43     0.02352
1939     44     0.01606
1939     45     0.00919
1939     46     0.00512
1939     47     0.00228
1939     48     0.00119
1939     49     0.00053
1939     50     0.00022
1939     51     0.00010
1939     52     0.00004
1939     53     0.00001
1939     54     0.00000
1939     55+    0.00000
1940     12-    0.00000
1940     13     0.00004
1940     14     0.00051
1940     15     0.00224
1940     16     0.00755
1940     17     0.02008
1940     18     0.04509
1940     19     0.07432
1940     20     0.09788
1940     21     0.11148
1940     22     0.13714
1940     23     0.14665
1940     24     0.15546
1940     25     0.16207
1940     26     0.15999
1940     27     0.14937
1940     28     0.15305
1940     29     0.13967
1940     30     0.13976
1940     31     0.12225
1940     32     0.12663
1940     33     0.11634
1940     34     0.10578
1940     35     0.09793
1940     36     0.09233
1940     37     0.07785
1940     38     0.07466
1940     39     0.06240
1940     40     0.05557
1940     41     0.03453
1940     42     0.03360
1940     43     0.02275
1940     44     0.01488
1940     45     0.00872
1940     46     0.00521
1940     47     0.00215
1940     48     0.00119
1940     49     0.00048
1940     50     0.00022
1940     51     0.00011
1940     52     0.00004
1940     53     0.00002
1940     54     0.00000
1940     55+    0.00000
1941     12-    0.00000
1941     13     0.00005
1941     14     0.00060
1941     15     0.00188
1941     16     0.00795
1941     17     0.02125
1941     18     0.04551
1941     19     0.07723
1941     20     0.10669
1941     21     0.12973
1941     22     0.14030
1941     23     0.15421
1941     24     0.16038
1941     25     0.16482
1941     26     0.16815
1941     27     0.15946
1941     28     0.15713
1941     29     0.14693
1941     30     0.14122
1941     31     0.12542
1941     32     0.12387
1941     33     0.11380
1941     34     0.10255
1941     35     0.09453
1941     36     0.09081
1941     37     0.07882
1941     38     0.07467
1941     39     0.05864
1941     40     0.05014
1941     41     0.03958
1941     42     0.03058
1941     43     0.02175
1941     44     0.01358
1941     45     0.00866
1941     46     0.00452
1941     47     0.00240
1941     48     0.00128
1941     49     0.00048
1941     50     0.00020
1941     51     0.00009
1941     52     0.00004
1941     53     0.00001
1941     54     0.00000
1941     55+    0.00000
1942     12-    0.00000
1942     13     0.00006
1942     14     0.00076
1942     15     0.00248
1942     16     0.00833
1942     17     0.02230
1942     18     0.04820
1942     19     0.07887
1942     20     0.11065
1942     21     0.13886
1942     22     0.15597
1942     23     0.15473
1942     24     0.16434
1942     25     0.16864
1942     26     0.17177
1942     27     0.17200
1942     28     0.17177
1942     29     0.15970
1942     30     0.14853
1942     31     0.12981
1942     32     0.13303
1942     33     0.11573
1942     34     0.10860
1942     35     0.09992
1942     36     0.09325
1942     37     0.08166
1942     38     0.07734
1942     39     0.05958
1942     40     0.04998
1942     41     0.03666
1942     42     0.03791
1942     43     0.02105
1942     44     0.01390
1942     45     0.00841
1942     46     0.00434
1942     47     0.00243
1942     48     0.00140
1942     49     0.00041
1942     50     0.00020
1942     51     0.00010
1942     52     0.00004
1942     53     0.00002
1942     54     0.00000
1942     55+    0.00000
1943     12-    0.00000
1943     13     0.00005
1943     14     0.00067
1943     15     0.00266
1943     16     0.00808
1943     17     0.02191
1943     18     0.04799
1943     19     0.07917
1943     20     0.10693
1943     21     0.13519
1943     22     0.15917
1943     23     0.16640
1943     24     0.16575
1943     25     0.17255
1943     26     0.17598
1943     27     0.17686
1943     28     0.18333
1943     29     0.16772
1943     30     0.15721
1943     31     0.13348
1943     32     0.13255
1943     33     0.12309
1943     34     0.10868
1943     35     0.10501
1943     36     0.09484
1943     37     0.08346
1943     38     0.08029
1943     39     0.06510
1943     40     0.05227
1943     41     0.03517
1943     42     0.03240
1943     43     0.02414
1943     44     0.01297
1943     45     0.00836
1943     46     0.00412
1943     47     0.00262
1943     48     0.00099
1943     49     0.00042
1943     50     0.00018
1943     51     0.00009
1943     52     0.00004
1943     53     0.00001
1943     54     0.00000
1943     55+    0.00000
1944     12-    0.00000
1944     13     0.00005
1944     14     0.00069
1944     15     0.00293
1944     16     0.00970
1944     17     0.02390
1944     18     0.04594
1944     19     0.07260
1944     20     0.10189
1944     21     0.12821
1944     22     0.14833
1944     23     0.16317
1944     24     0.17662
1944     25     0.18033
1944     26     0.17208
1944     27     0.16452
1944     28     0.16070
1944     29     0.16189
1944     30     0.15469
1944     31     0.13975
1944     32     0.12978
1944     33     0.12378
1944     34     0.12008
1944     35     0.11039
1944     36     0.09737
1944     37     0.08633
1944     38     0.07597
1944     39     0.06542
1944     40     0.05524
1944     41     0.04358
1944     42     0.03090
1944     43     0.02018
1944     44     0.01239
1944     45     0.00772
1944     46     0.00468
1944     47     0.00231
1944     48     0.00099
1944     49     0.00040
1944     50     0.00015
1944     51     0.00006
1944     52     0.00002
1944     53     0.00001
1944     54     0.00000
1944     55+    0.00000
1945     12-    0.00000
1945     13     0.00004
1945     14     0.00059
1945     15     0.00261
1945     16     0.00909
1945     17     0.02350
1945     18     0.04672
1945     19     0.07425
1945     20     0.10328
1945     21     0.12950
1945     22     0.14898
1945     23     0.16287
1945     24     0.17539
1945     25     0.17806
1945     26     0.16907
1945     27     0.16126
1945     28     0.15773
1945     29     0.15972
1945     30     0.15348
1945     31     0.13917
1945     32     0.12982
1945     33     0.12444
1945     34     0.12134
1945     35     0.11245
1945     36     0.09992
1945     37     0.08863
1945     38     0.07766
1945     39     0.06642
1945     40     0.05541
1945     41     0.04363
1945     42     0.03133
1945     43     0.02089
1945     44     0.01314
1945     45     0.00835
1945     46     0.00512
1945     47     0.00252
1945     48     0.00108
1945     49     0.00043
1945     50     0.00016
1945     51     0.00006
1945     52     0.00003
1945     53     0.00001
1945     54     0.00000
1945     55+    0.00000
1946     12-    0.00000
1946     13     0.00007
1946     14     0.00099
1946     15     0.00393
1946     16     0.01221
1946     17     0.02841
1946     18     0.05257
1946     19     0.08300
1946     20     0.11880
1946     21     0.15097
1946     22     0.17595
1946     23     0.19360
1946     24     0.20726
1946     25     0.20883
1946     26     0.19742
1946     27     0.18695
1946     28     0.18092
1946     29     0.18064
1946     30     0.17104
1946     31     0.15319
1946     32     0.14118
1946     33     0.13377
1946     34     0.12903
1946     35     0.11820
1946     36     0.10389
1946     37     0.09150
1946     38     0.07988
1946     39     0.06824
1946     40     0.05687
1946     41     0.04475
1946     42     0.03211
1946     43     0.02140
1946     44     0.01347
1946     45     0.00854
1946     46     0.00525
1946     47     0.00261
1946     48     0.00113
1946     49     0.00045
1946     50     0.00017
1946     51     0.00007
1946     52     0.00003
1946     53     0.00001
1946     54     0.00000
1946     55+    0.00000
1947     12-    0.00000
1947     13     0.00006
1947     14     0.00086
1947     15     0.00375
1947     16     0.01272
1947     17     0.03202
1947     18     0.06245
1947     19     0.09896
1947     20     0.13828
1947     21     0.17257
1947     22     0.19723
1947     23     0.21376
1947     24     0.22755
1947     25     0.22864
1947     26     0.21429
1947     27     0.20116
1947     28     0.19284
1947     29     0.19053
1947     30     0.17855
1947     31     0.15850
1947     32     0.14490
1947     33     0.13628
1947     34     0.13052
1947     35     0.11839
1947     36     0.10315
1947     37     0.09072
1947     38     0.07945
1947     39     0.06821
1947     40     0.05745
1947     41     0.04519
1947     42     0.03165
1947     43     0.02033
1947     44     0.01226
1947     45     0.00747
1947     46     0.00452
1947     47     0.00226
1947     48     0.00099
1947     49     0.00040
1947     50     0.00016
1947     51     0.00006
1947     52     0.00003
1947     53     0.00001
1947     54     0.00000
1947     55+    0.00000
1948     12-    0.00000
1948     13     0.00007
1948     14     0.00107
1948     15     0.00439
1948     16     0.01413
1948     17     0.03379
1948     18     0.06315
1948     19     0.09781
1948     20     0.13475
1948     21     0.16572
1948     22     0.18758
1948     23     0.20249
1948     24     0.21587
1948     25     0.21804
1948     26     0.20512
1948     27     0.19281
1948     28     0.18433
1948     29     0.18082
1948     30     0.16805
1948     31     0.14848
1948     32     0.13562
1948     33     0.12795
1948     34     0.12330
1948     35     0.11285
1948     36     0.09894
1948     37     0.08710
1948     38     0.07607
1948     39     0.06500
1948     40     0.05429
1948     41     0.04270
1948     42     0.03020
1948     43     0.01969
1948     44     0.01209
1948     45     0.00747
1948     46     0.00456
1948     47     0.00227
1948     48     0.00100
1948     49     0.00040
1948     50     0.00016
1948     51     0.00006
1948     52     0.00003
1948     53     0.00001
1948     54     0.00000
1948     55+    0.00000
1949     12-    0.00000
1949     13     0.00006
1949     14     0.00091
1949     15     0.00398
1949     16     0.01366
1949     17     0.03461
1949     18     0.06707
1949     19     0.10345
1949     20     0.13845
1949     21     0.16688
1949     22     0.18591
1949     23     0.19976
1949     24     0.21546
1949     25     0.22160
1949     26     0.21035
1949     27     0.19839
1949     28     0.18879
1949     29     0.18282
1949     30     0.16725
1949     31     0.14625
1949     32     0.13307
1949     33     0.12586
1949     34     0.12218
1949     35     0.11293
1949     36     0.09953
1949     37     0.08744
1949     38     0.07578
1949     39     0.06404
1949     40     0.05278
1949     41     0.04121
1949     42     0.02906
1949     43     0.01894
1949     44     0.01165
1949     45     0.00720
1949     46     0.00440
1949     47     0.00221
1949     48     0.00097
1949     49     0.00040
1949     50     0.00016
1949     51     0.00006
1949     52     0.00003
1949     53     0.00001
1949     54     0.00000
1949     55+    0.00000
1950     12-    0.00000
1950     13     0.00006
1950     14     0.00085
1950     15     0.00382
1950     16     0.01348
1950     17     0.03503
1950     18     0.06898
1950     19     0.10625
1950     20     0.13992
1950     21     0.16736
1950     22     0.18515
1950     23     0.19819
1950     24     0.21399
1950     25     0.22038
1950     26     0.20894
1950     27     0.19718
1950     28     0.18811
1950     29     0.18290
1950     30     0.16800
1950     31     0.14744
1950     32     0.13418
1950     33     0.12649
1950     34     0.12201
1950     35     0.11204
1950     36     0.09816
1950     37     0.08598
1950     38     0.07443
1950     39     0.06289
1950     40     0.05180
1950     41     0.04032
1950     42     0.02813
1950     43     0.01808
1950     44     0.01095
1950     45     0.00668
1950     46     0.00406
1950     47     0.00203
1950     48     0.00090
1950     49     0.00037
1950     50     0.00015
1950     51     0.00006
1950     52     0.00002
1950     53     0.00001
1950     54     0.00000
1950     55+    0.00000
1951     12-    0.00000
1951     13     0.00006
1951     14     0.00090
1951     15     0.00401
1951     16     0.01407
1951     17     0.03637
1951     18     0.07139
1951     19     0.11011
1951     20     0.14534
1951     21     0.17451
1951     22     0.19310
1951     23     0.20543
1951     24     0.21874
1951     25     0.22160
1951     26     0.20723
1951     27     0.19432
1951     28     0.18598
1951     29     0.18309
1951     30     0.17096
1951     31     0.15160
1951     32     0.13825
1951     33     0.12946
1951     34     0.12322
1951     35     0.11143
1951     36     0.09676
1951     37     0.08451
1951     38     0.07332
1951     39     0.06230
1951     40     0.05152
1951     41     0.04026
1951     42     0.02824
1951     43     0.01826
1951     44     0.01112
1951     45     0.00681
1951     46     0.00415
1951     47     0.00208
1951     48     0.00092
1951     49     0.00038
1951     50     0.00015
1951     51     0.00006
1951     52     0.00003
1951     53     0.00001
1951     54     0.00000
1951     55+    0.00000
1952     12-    0.00000
1952     13     0.00007
1952     14     0.00100
1952     15     0.00440
1952     16     0.01518
1952     17     0.03866
1952     18     0.07519
1952     19     0.11628
1952     20     0.15444
1952     21     0.18661
1952     22     0.20712
1952     23     0.21968
1952     24     0.23140
1952     25     0.23123
1952     26     0.21383
1952     27     0.19940
1952     28     0.19114
1952     29     0.18975
1952     30     0.17890
1952     31     0.15958
1952     32     0.14552
1952     33     0.13537
1952     34     0.12736
1952     35     0.11362
1952     36     0.09770
1952     37     0.08496
1952     38     0.07368
1952     39     0.06269
1952     40     0.05207
1952     41     0.04056
1952     42     0.02806
1952     43     0.01779
1952     44     0.01060
1952     45     0.00632
1952     46     0.00383
1952     47     0.00192
1952     48     0.00086
1952     49     0.00036
1952     50     0.00015
1952     51     0.00006
1952     52     0.00002
1952     53     0.00001
1952     54     0.00000
1952     55+    0.00000
1953     12-    0.00000
1953     13     0.00007
1953     14     0.00108
1953     15     0.00471
1953     16     0.01605
1953     17     0.04040
1953     18     0.07798
1953     19     0.12060
1953     20     0.15983
1953     21     0.19361
1953     22     0.21512
1953     23     0.22774
1953     24     0.23847
1953     25     0.23656
1953     26     0.21766
1953     27     0.20227
1953     28     0.19365
1953     29     0.19240
1953     30     0.18175
1953     31     0.16221
1953     32     0.14781
1953     33     0.13725
1953     34     0.12876
1953     35     0.11438
1953     36     0.09813
1953     37     0.08535
1953     38     0.07418
1953     39     0.06331
1953     40     0.05288
1953     41     0.04125
1953     42     0.02844
1953     43     0.01792
1953     44     0.01061
1953     45     0.00622
1953     46     0.00376
1953     47     0.00189
1953     48     0.00085
1953     49     0.00035
1953     50     0.00014
1953     51     0.00006
1953     52     0.00003
1953     53     0.00001
1953     54     0.00000
1953     55+    0.00000
1954     12-    0.00000
1954     13     0.00007
1954     14     0.00111
1954     15     0.00481
1954     16     0.01656
1954     17     0.04208
1954     18     0.08179
1954     19     0.12687
1954     20     0.16744
1954     21     0.20308
1954     22     0.22542
1954     23     0.23774
1954     24     0.24724
1954     25     0.24343
1954     26     0.22256
1954     27     0.20603
1954     28     0.19717
1954     29     0.19645
1954     30     0.18659
1954     31     0.16709
1954     32     0.15212
1954     33     0.14056
1954     34     0.13088
1954     35     0.11528
1954     36     0.09846
1954     37     0.08566
1954     38     0.07478
1954     39     0.06433
1954     40     0.05414
1954     41     0.04262
1954     42     0.02989
1954     43     0.01925
1954     44     0.01165
1954     45     0.00689
1954     46     0.00421
1954     47     0.00212
1954     48     0.00094
1954     49     0.00039
1954     50     0.00016
1954     51     0.00006
1954     52     0.00003
1954     53     0.00001
1954     54     0.00000
1954     55+    0.00000
1955     12-    0.00000
1955     13     0.00007
1955     14     0.00111
1955     15     0.00485
1955     16     0.01666
1955     17     0.04225
1955     18     0.08204
1955     19     0.12741
1955     20     0.16792
1955     21     0.20382
1955     22     0.22645
1955     23     0.23914
1955     24     0.24912
1955     25     0.24586
1955     26     0.22536
1955     27     0.20848
1955     28     0.19858
1955     29     0.19623
1955     30     0.18434
1955     31     0.16375
1955     32     0.14887
1955     33     0.13824
1955     34     0.12997
1955     35     0.11547
1955     36     0.09921
1955     37     0.08656
1955     38     0.07553
1955     39     0.06477
1955     40     0.05463
1955     41     0.04284
1955     42     0.02963
1955     43     0.01871
1955     44     0.01110
1955     45     0.00637
1955     46     0.00385
1955     47     0.00194
1955     48     0.00087
1955     49     0.00036
1955     50     0.00015
1955     51     0.00006
1955     52     0.00003
1955     53     0.00001
1955     54     0.00000
1955     55+    0.00000
1956     12-    0.00000
1956     13     0.00007
1956     14     0.00110
1956     15     0.00487
1956     16     0.01699
1956     17     0.04365
1956     18     0.08547
1956     19     0.13263
1956     20     0.17186
1956     21     0.20725
1956     22     0.22917
1956     23     0.24185
1956     24     0.25322
1956     25     0.25180
1956     26     0.23187
1956     27     0.21434
1956     28     0.20257
1956     29     0.19731
1956     30     0.18221
1956     31     0.15976
1956     32     0.14463
1956     33     0.13489
1956     34     0.12818
1956     35     0.11560
1956     36     0.10018
1956     37     0.08717
1956     38     0.07521
1956     39     0.06348
1956     40     0.05254
1956     41     0.04083
1956     42     0.02833
1956     43     0.01807
1956     44     0.01086
1956     45     0.00627
1956     46     0.00382
1956     47     0.00193
1956     48     0.00086
1956     49     0.00036
1956     50     0.00015
1956     51     0.00006
1956     52     0.00003
1956     53     0.00001
1956     54     0.00000
1956     55+    0.00000
1957     12-    0.00000
1957     13     0.00008
1957     14     0.00120
1957     15     0.00539
1957     16     0.01876
1957     17     0.04802
1957     18     0.09328
1957     19     0.14274
1957     20     0.18090
1957     21     0.21474
1957     22     0.23459
1957     23     0.24618
1957     24     0.25835
1957     25     0.25829
1957     26     0.23848
1957     27     0.22039
1957     28     0.20730
1957     29     0.20006
1957     30     0.18281
1957     31     0.15912
1957     32     0.14379
1957     33     0.13459
1957     34     0.12883
1957     35     0.11717
1957     36     0.10215
1957     37     0.08889
1957     38     0.07636
1957     39     0.06399
1957     40     0.05258
1957     41     0.04070
1957     42     0.02817
1957     43     0.01796
1957     44     0.01079
1957     45     0.00623
1957     46     0.00380
1957     47     0.00192
1957     48     0.00086
1957     49     0.00036
1957     50     0.00015
1957     51     0.00006
1957     52     0.00003
1957     53     0.00001
1957     54     0.00000
1957     55+    0.00000
1958     12-    0.00000
1958     13     0.00009
1958     14     0.00137
1958     15     0.00591
1958     16     0.01968
1958     17     0.04837
1958     18     0.09147
1958     19     0.13997
1958     20     0.17900
1958     21     0.21417
1958     22     0.23565
1958     23     0.24816
1958     24     0.25981
1958     25     0.25825
1958     26     0.23787
1958     27     0.21941
1958     28     0.20615
1958     29     0.19885
1958     30     0.18174
1958     31     0.15798
1958     32     0.14238
1958     33     0.13272
1958     34     0.12635
1958     35     0.11443
1958     36     0.09931
1958     37     0.08587
1958     38     0.07322
1958     39     0.06089
1958     40     0.04953
1958     41     0.03811
1958     42     0.02636
1958     43     0.01684
1958     44     0.01016
1958     45     0.00591
1958     46     0.00361
1958     47     0.00184
1958     48     0.00083
1958     49     0.00035
1958     50     0.00014
1958     51     0.00006
1958     52     0.00003
1958     53     0.00001
1958     54     0.00000
1958     55+    0.00000
1959     12-    0.00000
1959     13     0.00009
1959     14     0.00139
1959     15     0.00599
1959     16     0.02003
1959     17     0.04940
1959     18     0.09379
1959     19     0.14409
1959     20     0.18371
1959     21     0.22037
1959     22     0.24268
1959     23     0.25521
1959     24     0.26615
1959     25     0.26320
1959     26     0.24159
1959     27     0.22204
1959     28     0.20790
1959     29     0.19990
1959     30     0.18214
1959     31     0.15781
1959     32     0.14197
1959     33     0.13230
1959     34     0.12604
1959     35     0.11444
1959     36     0.09942
1959     37     0.08583
1959     38     0.07293
1959     39     0.06040
1959     40     0.04880
1959     41     0.03749
1959     42     0.02605
1959     43     0.01678
1959     44     0.01022
1959     45     0.00603
1959     46     0.00370
1959     47     0.00189
1959     48     0.00085
1959     49     0.00036
1959     50     0.00015
1959     51     0.00006
1959     52     0.00003
1959     53     0.00001
1959     54     0.00000
1959     55+    0.00000
1960     12-    0.00000
1960     13     0.00008
1960     14     0.00130
1960     15     0.00564
1960     16     0.01923
1960     17     0.04831
1960     18     0.09306
1960     19     0.14395
1960     20     0.18384
1960     21     0.22113
1960     22     0.24369
1960     23     0.25596
1960     24     0.26616
1960     25     0.26200
1960     26     0.23958
1960     27     0.21966
1960     28     0.20555
1960     29     0.19788
1960     30     0.18087
1960     31     0.15693
1960     32     0.14091
1960     33     0.13064
1960     34     0.12358
1960     35     0.11076
1960     36     0.09543
1960     37     0.08263
1960     38     0.07098
1960     39     0.05961
1960     40     0.04903
1960     41     0.03785
1960     42     0.02578
1960     43     0.01605
1960     44     0.00940
1960     45     0.00540
1960     46     0.00327
1960     47     0.00166
1960     48     0.00076
1960     49     0.00032
1960     50     0.00014
1960     51     0.00006
1960     52     0.00002
1960     53     0.00001
1960     54     0.00000
1960     55+    0.00000
1961     12-    0.00000
1961     13     0.00008
1961     14     0.00130
1961     15     0.00578
1961     16     0.01927
1961     17     0.04749
1961     18     0.09046
1961     19     0.14049
1961     20     0.18130
1961     21     0.22014
1961     22     0.24418
1961     23     0.25655
1961     24     0.26469
1961     25     0.25710
1961     26     0.23345
1961     27     0.21340
1961     28     0.20019
1961     29     0.19421
1961     30     0.17956
1961     31     0.15689
1961     32     0.14083
1961     33     0.12960
1961     34     0.12110
1961     35     0.10705
1961     36     0.09132
1961     37     0.07917
1961     38     0.06869
1961     39     0.05855
1961     40     0.04900
1961     41     0.03818
1961     42     0.02603
1961     43     0.01615
1961     44     0.00940
1961     45     0.00539
1961     46     0.00325
1961     47     0.00165
1961     48     0.00075
1961     49     0.00032
1961     50     0.00013
1961     51     0.00006
1961     52     0.00002
1961     53     0.00001
1961     54     0.00000
1961     55+    0.00000
1962     12-    0.00000
1962     13     0.00008
1962     14     0.00117
1962     15     0.00525
1962     16     0.01775
1962     17     0.04437
1962     18     0.08585
1962     19     0.13559
1962     20     0.17647
1962     21     0.21760
1962     22     0.24383
1962     23     0.25687
1962     24     0.26334
1962     25     0.25289
1962     26     0.22797
1962     27     0.20761
1962     28     0.19501
1962     29     0.19038
1962     30     0.17758
1962     31     0.15582
1962     32     0.13965
1962     33     0.12758
1962     34     0.11785
1962     35     0.10277
1962     36     0.08671
1962     37     0.07513
1962     38     0.06562
1962     39     0.05649
1962     40     0.04774
1962     41     0.03726
1962     42     0.02494
1962     43     0.01504
1962     44     0.00848
1962     45     0.00479
1962     46     0.00286
1962     47     0.00145
1962     48     0.00067
1962     49     0.00029
1962     50     0.00012
1962     51     0.00005
1962     52     0.00002
1962     53     0.00001
1962     54     0.00000
1962     55+    0.00000
1963     12-    0.00000
1963     13     0.00007
1963     14     0.00100
1963     15     0.00471
1963     16     0.01645
1963     17     0.04239
1963     18     0.08388
1963     19     0.13324
1963     20     0.17241
1963     21     0.21231
1963     22     0.23755
1963     23     0.25028
1963     24     0.25737
1963     25     0.24752
1963     26     0.22346
1963     27     0.20362
1963     28     0.19120
1963     29     0.18640
1963     30     0.17345
1963     31     0.15182
1963     32     0.13607
1963     33     0.12459
1963     34     0.11549
1963     35     0.10154
1963     36     0.08597
1963     37     0.07413
1963     38     0.06404
1963     39     0.05437
1963     40     0.04507
1963     41     0.03486
1963     42     0.02341
1963     43     0.01426
1963     44     0.00814
1963     45     0.00470
1963     46     0.00282
1963     47     0.00144
1963     48     0.00066
1963     49     0.00029
1963     50     0.00012
1963     51     0.00005
1963     52     0.00002
1963     53     0.00001
1963     54     0.00000
1963     55+    0.00000
1964     12-    0.00000
1964     13     0.00007
1964     14     0.00108
1964     15     0.00489
1964     16     0.01641
1964     17     0.04080
1964     18     0.07862
1964     19     0.12390
1964     20     0.16188
1964     21     0.19931
1964     22     0.22358
1964     23     0.23665
1964     24     0.24474
1964     25     0.23630
1964     26     0.21444
1964     27     0.19613
1964     28     0.18444
1964     29     0.17966
1964     30     0.16745
1964     31     0.14675
1964     32     0.13131
1964     33     0.11976
1964     34     0.11043
1964     35     0.09656
1964     36     0.08142
1964     37     0.07021
1964     38     0.06089
1964     39     0.05204
1964     40     0.04351
1964     41     0.03387
1964     42     0.02299
1964     43     0.01418
1964     44     0.00820
1964     45     0.00480
1964     46     0.00289
1964     47     0.00147
1964     48     0.00067
1964     49     0.00029
1964     50     0.00012
1964     51     0.00005
1964     52     0.00002
1964     53     0.00001
1964     54     0.00000
1964     55+    0.00000
1965     12-    0.00000
1965     13     0.00006
1965     14     0.00098
1965     15     0.00458
1965     16     0.01581
1965     17     0.04018
1965     18     0.07772
1965     19     0.11917
1965     20     0.15007
1965     21     0.17819
1965     22     0.19453
1965     23     0.20379
1965     24     0.21321
1965     25     0.20973
1965     26     0.19226
1965     27     0.17688
1965     28     0.16616
1965     29     0.16050
1965     30     0.14795
1965     31     0.12896
1965     32     0.11554
1965     33     0.10618
1965     34     0.09907
1965     35     0.08812
1965     36     0.07515
1965     37     0.06464
1965     38     0.05534
1965     39     0.04647
1965     40     0.03806
1965     41     0.02938
1965     42     0.02019
1965     43     0.01274
1965     44     0.00758
1965     45     0.00451
1965     46     0.00275
1965     47     0.00140
1965     48     0.00064
1965     49     0.00027
1965     50     0.00011
1965     51     0.00005
1965     52     0.00002
1965     53     0.00001
1965     54     0.00000
1965     55+    0.00000
1966     12-    0.00000
1966     13     0.00007
1966     14     0.00105
1966     15     0.00469
1966     16     0.01589
1966     17     0.03951
1966     18     0.07465
1966     19     0.11181
1966     20     0.13974
1966     21     0.16219
1966     22     0.17413
1966     23     0.18112
1966     24     0.19018
1966     25     0.18828
1966     26     0.17329
1966     27     0.15936
1966     28     0.14864
1966     29     0.14160
1966     30     0.12872
1966     31     0.11110
1966     32     0.09919
1966     33     0.09136
1966     34     0.08583
1966     35     0.07702
1966     36     0.06600
1966     37     0.05682
1966     38     0.04852
1966     39     0.04055
1966     40     0.03337
1966     41     0.02570
1966     42     0.01762
1966     43     0.01110
1966     44     0.00659
1966     45     0.00389
1966     46     0.00237
1966     47     0.00122
1966     48     0.00056
1966     49     0.00024
1966     50     0.00010
1966     51     0.00004
1966     52     0.00002
1966     53     0.00001
1966     54     0.00000
1966     55+    0.00000
1967     12-    0.00000
1967     13     0.00007
1967     14     0.00108
1967     15     0.00466
1967     16     0.01541
1967     17     0.03745
1967     18     0.06974
1967     19     0.10464
1967     20     0.13262
1967     21     0.15439
1967     22     0.16610
1967     23     0.17271
1967     24     0.18066
1967     25     0.17761
1967     26     0.16287
1967     27     0.14880
1967     28     0.13742
1967     29     0.12922
1967     30     0.11583
1967     31     0.09875
1967     32     0.08761
1967     33     0.08066
1967     34     0.07602
1967     35     0.06869
1967     36     0.05896
1967     37     0.05041
1967     38     0.04248
1967     39     0.03491
1967     40     0.02842
1967     41     0.02164
1967     42     0.01474
1967     43     0.00925
1967     44     0.00549
1967     45     0.00319
1967     46     0.00195
1967     47     0.00101
1967     48     0.00047
1967     49     0.00020
1967     50     0.00009
1967     51     0.00004
1967     52     0.00002
1967     53     0.00001
1967     54     0.00000
1967     55+    0.00000
1968     12-    0.00000
1968     13     0.00007
1968     14     0.00118
1968     15     0.00488
1968     16     0.01548
1968     17     0.03620
1968     18     0.06558
1968     19     0.09781
1968     20     0.12554
1968     21     0.14584
1968     22     0.15720
1968     23     0.16450
1968     24     0.17378
1968     25     0.17230
1968     26     0.15896
1968     27     0.14548
1968     28     0.13387
1968     29     0.12469
1968     30     0.11094
1968     31     0.09407
1968     32     0.08259
1968     33     0.07490
1968     34     0.06934
1968     35     0.06157
1968     36     0.05207
1968     37     0.04404
1968     38     0.03687
1968     39     0.03023
1968     40     0.02457
1968     41     0.01870
1968     42     0.01291
1968     43     0.00829
1968     44     0.00505
1968     45     0.00297
1968     46     0.00184
1968     47     0.00096
1968     48     0.00045
1968     49     0.00019
1968     50     0.00008
1968     51     0.00004
1968     52     0.00002
1968     53     0.00001
1968     54     0.00000
1968     55+    0.00000
1969     12-    0.00000
1969     13     0.00008
1969     14     0.00122
1969     15     0.00496
1969     16     0.01550
1969     17     0.03574
1969     18     0.06398
1969     19     0.09481
1969     20     0.12129
1969     21     0.13994
1969     22     0.15067
1969     23     0.15883
1969     24     0.17054
1969     25     0.17204
1969     26     0.16066
1969     27     0.14790
1969     28     0.13583
1969     29     0.12527
1969     30     0.11007
1969     31     0.09261
1969     32     0.08078
1969     33     0.07287
1969     34     0.06714
1969     35     0.05933
1969     36     0.04978
1969     37     0.04179
1969     38     0.03471
1969     39     0.02819
1969     40     0.02289
1969     41     0.01720
1969     42     0.01155
1969     43     0.00717
1969     44     0.00421
1969     45     0.00239
1969     46     0.00146
1969     47     0.00077
1969     48     0.00036
1969     49     0.00016
1969     50     0.00007
1969     51     0.00003
1969     52     0.00001
1969     53     0.00001
1969     54     0.00000
1969     55+    0.00000
1970     12-    0.00000
1970     13     0.00008
1970     14     0.00133
1970     15     0.00529
1970     16     0.01624
1970     17     0.03671
1970     18     0.06450
1970     19     0.09411
1970     20     0.11813
1970     21     0.13427
1970     22     0.14324
1970     23     0.15089
1970     24     0.16331
1970     25     0.16677
1970     26     0.15649
1970     27     0.14447
1970     28     0.13262
1970     29     0.12180
1970     30     0.10642
1970     31     0.08939
1970     32     0.07749
1970     33     0.06917
1970     34     0.06287
1970     35     0.05472
1970     36     0.04534
1970     37     0.03784
1970     38     0.03141
1970     39     0.02556
1970     40     0.02083
1970     41     0.01558
1970     42     0.01029
1970     43     0.00623
1970     44     0.00357
1970     45     0.00200
1970     46     0.00122
1970     47     0.00064
1970     48     0.00031
1970     49     0.00014
1970     50     0.00006
1970     51     0.00003
1970     52     0.00001
1970     53     0.00001
1970     54     0.00000
1970     55+    0.00000
1971     12-    0.00000
1971     13     0.00008
1971     14     0.00127
1971     15     0.00503
1971     16     0.01521
1971     17     0.03397
1971     18     0.05922
1971     19     0.08646
1971     20     0.10823
1971     21     0.12297
1971     22     0.13155
1971     23     0.13959
1971     24     0.15281
1971     25     0.15807
1971     26     0.14919
1971     27     0.13816
1971     28     0.12679
1971     29     0.11597
1971     30     0.10051
1971     31     0.08411
1971     32     0.07214
1971     33     0.06328
1971     34     0.05624
1971     35     0.04788
1971     36     0.03880
1971     37     0.03206
1971     38     0.02658
1971     39     0.02166
1971     40     0.01779
1971     41     0.01314
1971     42     0.00830
1971     43     0.00474
1971     44     0.00254
1971     45     0.00138
1971     46     0.00083
1971     47     0.00044
1971     48     0.00022
1971     49     0.00010
1971     50     0.00005
1971     51     0.00002
1971     52     0.00001
1971     53     0.00000
1971     54     0.00000
1971     55+    0.00000
1972     12-    0.00000
1972     13     0.00008
1972     14     0.00127
1972     15     0.00497
1972     16     0.01490
1972     17     0.03289
1972     18     0.05654
1972     19     0.08105
1972     20     0.09985
1972     21     0.11115
1972     22     0.11759
1972     23     0.12521
1972     24     0.13960
1972     25     0.14698
1972     26     0.14060
1972     27     0.13124
1972     28     0.12052
1972     29     0.10944
1972     30     0.09408
1972     31     0.07841
1972     32     0.06659
1972     33     0.05754
1972     34     0.05019
1972     35     0.04219
1972     36     0.03373
1972     37     0.02743
1972     38     0.02236
1972     39     0.01796
1972     40     0.01442
1972     41     0.01059
1972     42     0.00681
1972     43     0.00401
1972     44     0.00223
1972     45     0.00129
1972     46     0.00078
1972     47     0.00042
1972     48     0.00021
1972     49     0.00010
1972     50     0.00005
1972     51     0.00002
1972     52     0.00001
1972     53     0.00000
1972     54     0.00000
1972     55+    0.00000
1973     12-    0.00000
1973     13     0.00009
1973     14     0.00141
1973     15     0.00525
1973     16     0.01516
1973     17     0.03232
1973     18     0.05414
1973     19     0.07694
1973     20     0.09559
1973     21     0.10565
1973     22     0.11165
1973     23     0.11968
1973     24     0.13516
1973     25     0.14395
1973     26     0.13904
1973     27     0.13009
1973     28     0.11875
1973     29     0.10631
1973     30     0.08967
1973     31     0.07385
1973     32     0.06199
1973     33     0.05293
1973     34     0.04560
1973     35     0.03777
1973     36     0.02976
1973     37     0.02397
1973     38     0.01940
1973     39     0.01546
1973     40     0.01247
1973     41     0.00897
1973     42     0.00548
1973     43     0.00302
1973     44     0.00157
1973     45     0.00088
1973     46     0.00053
1973     47     0.00029
1973     48     0.00015
1973     49     0.00007
1973     50     0.00003
1973     51     0.00002
1973     52     0.00001
1973     53     0.00000
1973     54     0.00000
1973     55+    0.00000
1974     12-    0.00000
1974     13     0.00008
1974     14     0.00130
1974     15     0.00489
1974     16     0.01420
1974     17     0.03050
1974     18     0.05139
1974     19     0.07333
1974     20     0.09163
1974     21     0.10131
1974     22     0.10742
1974     23     0.11610
1974     24     0.13286
1974     25     0.14315
1974     26     0.13931
1974     27     0.13109
1974     28     0.12008
1974     29     0.10758
1974     30     0.09061
1974     31     0.07453
1974     32     0.06179
1974     33     0.05159
1974     34     0.04316
1974     35     0.03470
1974     36     0.02677
1974     37     0.02117
1974     38     0.01689
1974     39     0.01332
1974     40     0.01068
1974     41     0.00763
1974     42     0.00470
1974     43     0.00264
1974     44     0.00140
1974     45     0.00081
1974     46     0.00049
1974     47     0.00027
1974     48     0.00014
1974     49     0.00007
1974     50     0.00003
1974     51     0.00002
1974     52     0.00001
1974     53     0.00000
1974     54     0.00000
1974     55+    0.00000
1975     12-    0.00000
1975     13     0.00009
1975     14     0.00153
1975     15     0.00550
1975     16     0.01520
1975     17     0.03116
1975     18     0.05093
1975     19     0.07249
1975     20     0.09150
1975     21     0.10148
1975     22     0.10811
1975     23     0.11735
1975     24     0.13449
1975     25     0.14531
1975     26     0.14153
1975     27     0.13307
1975     28     0.12156
1975     29     0.10840
1975     30     0.09080
1975     31     0.07429
1975     32     0.06118
1975     33     0.05067
1975     34     0.04200
1975     35     0.03341
1975     36     0.02561
1975     37     0.01998
1975     38     0.01564
1975     39     0.01209
1975     40     0.00949
1975     41     0.00672
1975     42     0.00420
1975     43     0.00241
1975     44     0.00132
1975     45     0.00078
1975     46     0.00048
1975     47     0.00027
1975     48     0.00014
1975     49     0.00007
1975     50     0.00003
1975     51     0.00002
1975     52     0.00001
1975     53     0.00000
1975     54     0.00000
1975     55+    0.00000
1976     12-    0.00000
1976     13     0.00009
1976     14     0.00147
1976     15     0.00526
1976     16     0.01443
1976     17     0.02947
1976     18     0.04812
1976     19     0.06877
1976     20     0.08739
1976     21     0.09743
1976     22     0.10433
1976     23     0.11373
1976     24     0.13073
1976     25     0.14199
1976     26     0.13854
1976     27     0.13066
1976     28     0.11986
1976     29     0.10741
1976     30     0.08999
1976     31     0.07368
1976     32     0.06066
1976     33     0.05017
1976     34     0.04145
1976     35     0.03263
1976     36     0.02490
1976     37     0.01923
1976     38     0.01484
1976     39     0.01127
1976     40     0.00877
1976     41     0.00610
1976     42     0.00372
1976     43     0.00208
1976     44     0.00111
1976     45     0.00065
1976     46     0.00040
1976     47     0.00022
1976     48     0.00012
1976     49     0.00006
1976     50     0.00003
1976     51     0.00001
1976     52     0.00001
1976     53     0.00000
1976     54     0.00000
1976     55+    0.00000
1977     12-    0.00000
1977     13     0.00008
1977     14     0.00134
1977     15     0.00488
1977     16     0.01347
1977     17     0.02766
1977     18     0.04550
1977     19     0.06555
1977     20     0.08419
1977     21     0.09467
1977     22     0.10205
1977     23     0.11166
1977     24     0.12851
1977     25     0.13920
1977     26     0.13549
1977     27     0.12834
1977     28     0.11906
1977     29     0.10848
1977     30     0.09169
1977     31     0.07556
1977     32     0.06217
1977     33     0.05101
1977     34     0.04153
1977     35     0.03251
1977     36     0.02455
1977     37     0.01838
1977     38     0.01356
1977     39     0.00981
1977     40     0.00725
1977     41     0.00492
1977     42     0.00304
1977     43     0.00176
1977     44     0.00098
1977     45     0.00060
1977     46     0.00037
1977     47     0.00021
1977     48     0.00011
1977     49     0.00006
1977     50     0.00003
1977     51     0.00001
1977     52     0.00001
1977     53     0.00000
1977     54     0.00000
1977     55+    0.00000
1978     12-    0.00000
1978     13     0.00009
1978     14     0.00139
1978     15     0.00490
1978     16     0.01297
1978     17     0.02574
1978     18     0.04150
1978     19     0.06008
1978     20     0.07885
1978     21     0.08970
1978     22     0.09783
1978     23     0.10797
1978     24     0.12472
1978     25     0.13532
1978     26     0.13209
1978     27     0.12576
1978     28     0.11753
1978     29     0.10800
1978     30     0.09228
1978     31     0.07651
1978     32     0.06249
1978     33     0.05035
1978     34     0.03998
1978     35     0.03033
1978     36     0.02253
1978     37     0.01690
1978     38     0.01267
1978     39     0.00938
1978     40     0.00708
1978     41     0.00484
1978     42     0.00295
1978     43     0.00168
1978     44     0.00091
1978     45     0.00055
1978     46     0.00034
1978     47     0.00019
1978     48     0.00010
1978     49     0.00005
1978     50     0.00003
1978     51     0.00001
1978     52     0.00001
1978     53     0.00000
1978     54     0.00000
1978     55+    0.00000
1979     12-    0.00000
1979     13     0.00008
1979     14     0.00134
1979     15     0.00467
1979     16     0.01203
1979     17     0.02340
1979     18     0.03788
1979     19     0.05721
1979     20     0.06838
1979     21     0.08472
1979     22     0.09920
1979     23     0.11405
1979     24     0.12506
1979     25     0.13338
1979     26     0.13320
1979     27     0.12985
1979     28     0.12039
1979     29     0.11063
1979     30     0.09536
1979     31     0.07812
1979     32     0.06515
1979     33     0.05023
1979     34     0.04060
1979     35     0.03115
1979     36     0.02379
1979     37     0.01657
1979     38     0.01207
1979     39     0.00954
1979     40     0.00627
1979     41     0.00430
1979     42     0.00292
1979     43     0.00156
1979     44     0.00123
1979     45     0.00060
1979     46     0.00024
1979     47     0.00008
1979     48     0.00002
1979     49     0.00001
1979     50     0.00000
1979     51     0.00000
1979     52     0.00000
1979     53     0.00000
1979     54     0.00000
1979     55+    0.00000
1980     12-    0.00000
1980     13     0.00008
1980     14     0.00128
1980     15     0.00444
1980     16     0.01162
1980     17     0.02293
1980     18     0.03732
1980     19     0.05584
1980     20     0.06615
1980     21     0.08243
1980     22     0.09843
1980     23     0.11214
1980     24     0.12294
1980     25     0.13049
1980     26     0.13301
1980     27     0.12988
1980     28     0.12045
1980     29     0.10960
1980     30     0.09552
1980     31     0.07883
1980     32     0.06442
1980     33     0.05226
1980     34     0.04084
1980     35     0.03136
1980     36     0.02365
1980     37     0.01688
1980     38     0.01210
1980     39     0.00885
1980     40     0.00626
1980     41     0.00378
1980     42     0.00242
1980     43     0.00161
1980     44     0.00092
1980     45     0.00054
1980     46     0.00023
1980     47     0.00008
1980     48     0.00002
1980     49     0.00001
1980     50     0.00000
1980     51     0.00000
1980     52     0.00000
1980     53     0.00000
1980     54     0.00000
1980     55+    0.00000
1981     12-    0.00000
1981     13     0.00008
1981     14     0.00133
1981     15     0.00436
1981     16     0.01124
1981     17     0.02187
1981     18     0.03521
1981     19     0.05235
1981     20     0.06273
1981     21     0.07893
1981     22     0.09392
1981     23     0.10848
1981     24     0.11982
1981     25     0.12851
1981     26     0.13142
1981     27     0.12709
1981     28     0.11952
1981     29     0.11014
1981     30     0.09338
1981     31     0.08067
1981     32     0.06647
1981     33     0.05287
1981     34     0.04188
1981     35     0.03125
1981     36     0.02367
1981     37     0.01718
1981     38     0.01217
1981     39     0.00873
1981     40     0.00631
1981     41     0.00416
1981     42     0.00261
1981     43     0.00142
1981     44     0.00083
1981     45     0.00050
1981     46     0.00026
1981     47     0.00011
1981     48     0.00004
1981     49     0.00001
1981     50     0.00001
1981     51     0.00001
1981     52     0.00000
1981     53     0.00000
1981     54     0.00000
1981     55+    0.00000
1982     12-    0.00000
1982     13     0.00009
1982     14     0.00145
1982     15     0.00447
1982     16     0.01136
1982     17     0.02182
1982     18     0.03476
1982     19     0.05138
1982     20     0.06245
1982     21     0.07674
1982     22     0.09440
1982     23     0.10601
1982     24     0.11738
1982     25     0.12524
1982     26     0.12884
1982     27     0.12455
1982     28     0.11791
1982     29     0.10895
1982     30     0.09473
1982     31     0.08109
1982     32     0.06609
1982     33     0.05241
1982     34     0.04212
1982     35     0.03228
1982     36     0.02478
1982     37     0.01732
1982     38     0.01264
1982     39     0.00900
1982     40     0.00603
1982     41     0.00398
1982     42     0.00255
1982     43     0.00160
1982     44     0.00087
1982     45     0.00045
1982     46     0.00021
1982     47     0.00008
1982     48     0.00003
1982     49     0.00001
1982     50     0.00001
1982     51     0.00000
1982     52     0.00000
1982     53     0.00000
1982     54     0.00000
1982     55+    0.00000
1983     12-    0.00000
1983     13     0.00007
1983     14     0.00115
1983     15     0.00369
1983     16     0.00988
1983     17     0.01989
1983     18     0.03278
1983     19     0.04889
1983     20     0.05962
1983     21     0.07366
1983     22     0.08950
1983     23     0.10440
1983     24     0.11644
1983     25     0.12486
1983     26     0.12718
1983     27     0.12322
1983     28     0.11865
1983     29     0.10951
1983     30     0.09620
1983     31     0.08214
1983     32     0.06676
1983     33     0.05488
1983     34     0.04358
1983     35     0.03360
1983     36     0.02496
1983     37     0.01787
1983     38     0.01215
1983     39     0.00913
1983     40     0.00575
1983     41     0.00390
1983     42     0.00229
1983     43     0.00164
1983     44     0.00068
1983     45     0.00046
1983     46     0.00023
1983     47     0.00008
1983     48     0.00003
1983     49     0.00001
1983     50     0.00000
1983     51     0.00000
1983     52     0.00000
1983     53     0.00000
1983     54     0.00000
1983     55+    0.00000
1984     12-    0.00000
1984     13     0.00008
1984     14     0.00127
1984     15     0.00400
1984     16     0.01030
1984     17     0.02001
1984     18     0.03200
1984     19     0.04680
1984     20     0.05597
1984     21     0.07012
1984     22     0.08549
1984     23     0.10046
1984     24     0.11545
1984     25     0.12404
1984     26     0.12787
1984     27     0.12595
1984     28     0.12100
1984     29     0.11015
1984     30     0.09778
1984     31     0.08316
1984     32     0.07033
1984     33     0.05800
1984     34     0.04570
1984     35     0.03569
1984     36     0.02653
1984     37     0.01874
1984     38     0.01344
1984     39     0.00888
1984     40     0.00604
1984     41     0.00378
1984     42     0.00243
1984     43     0.00123
1984     44     0.00066
1984     45     0.00039
1984     46     0.00018
1984     47     0.00006
1984     48     0.00002
1984     49     0.00001
1984     50     0.00000
1984     51     0.00000
1984     52     0.00000
1984     53     0.00000
1984     54     0.00000
1984     55+    0.00000
1985     12-    0.00000
1985     13     0.00007
1985     14     0.00115
1985     15     0.00385
1985     16     0.01007
1985     17     0.01985
1985     18     0.03194
1985     19     0.04637
1985     20     0.05339
1985     21     0.06664
1985     22     0.08145
1985     23     0.09659
1985     24     0.11070
1985     25     0.12199
1985     26     0.12759
1985     27     0.12584
1985     28     0.12105
1985     29     0.11017
1985     30     0.09900
1985     31     0.08493
1985     32     0.07106
1985     33     0.05807
1985     34     0.04656
1985     35     0.03654
1985     36     0.02699
1985     37     0.01946
1985     38     0.01394
1985     39     0.00964
1985     40     0.00623
1985     41     0.00387
1985     42     0.00234
1985     43     0.00146
1985     44     0.00060
1985     45     0.00037
1985     46     0.00017
1985     47     0.00006
1985     48     0.00002
1985     49     0.00001
1985     50     0.00000
1985     51     0.00000
1985     52     0.00000
1985     53     0.00000
1985     54     0.00000
1985     55+    0.00000
1986     12-    0.00000
1986     13     0.00007
1986     14     0.00113
1986     15     0.00378
1986     16     0.00998
1986     17     0.01979
1986     18     0.03211
1986     19     0.04711
1986     20     0.05387
1986     21     0.06386
1986     22     0.07817
1986     23     0.09186
1986     24     0.10609
1986     25     0.11762
1986     26     0.12422
1986     27     0.12401
1986     28     0.12058
1986     29     0.11110
1986     30     0.09851
1986     31     0.08394
1986     32     0.07272
1986     33     0.05803
1986     34     0.04822
1986     35     0.03760
1986     36     0.02874
1986     37     0.02005
1986     38     0.01466
1986     39     0.01003
1986     40     0.00625
1986     41     0.00413
1986     42     0.00248
1986     43     0.00157
1986     44     0.00073
1986     45     0.00037
1986     46     0.00017
1986     47     0.00006
1986     48     0.00002
1986     49     0.00001
1986     50     0.00000
1986     51     0.00000
1986     52     0.00000
1986     53     0.00000
1986     54     0.00000
1986     55+    0.00000
1987     12-    0.00000
1987     13     0.00008
1987     14     0.00128
1987     15     0.00407
1987     16     0.01034
1987     17     0.01984
1987     18     0.03151
1987     19     0.04620
1987     20     0.05344
1987     21     0.06269
1987     22     0.07382
1987     23     0.08674
1987     24     0.10148
1987     25     0.11196
1987     26     0.11998
1987     27     0.12515
1987     28     0.11958
1987     29     0.11026
1987     30     0.10018
1987     31     0.08576
1987     32     0.07177
1987     33     0.05954
1987     34     0.04829
1987     35     0.03849
1987     36     0.02926
1987     37     0.02165
1987     38     0.01522
1987     39     0.01067
1987     40     0.00692
1987     41     0.00437
1987     42     0.00233
1987     43     0.00140
1987     44     0.00062
1987     45     0.00038
1987     46     0.00020
1987     47     0.00008
1987     48     0.00003
1987     49     0.00001
1987     50     0.00001
1987     51     0.00000
1987     52     0.00000
1987     53     0.00000
1987     54     0.00000
1987     55+    0.00000
1988     12-    0.00000
1988     13     0.00008
1988     14     0.00122
1988     15     0.00390
1988     16     0.01011
1988     17     0.01978
1988     18     0.03180
1988     19     0.04661
1988     20     0.05389
1988     21     0.06416
1988     22     0.07425
1988     23     0.08671
1988     24     0.09968
1988     25     0.11222
1988     26     0.12072
1988     27     0.12336
1988     28     0.12063
1988     29     0.11414
1988     30     0.10256
1988     31     0.08793
1988     32     0.07430
1988     33     0.06104
1988     34     0.05037
1988     35     0.04045
1988     36     0.03176
1988     37     0.02248
1988     38     0.01610
1988     39     0.01112
1988     40     0.00752
1988     41     0.00461
1988     42     0.00256
1988     43     0.00152
1988     44     0.00087
1988     45     0.00043
1988     46     0.00018
1988     47     0.00006
1988     48     0.00002
1988     49     0.00001
1988     50     0.00000
1988     51     0.00000
1988     52     0.00000
1988     53     0.00000
1988     54     0.00000
1988     55+    0.00000
1989     12-    0.00000
1989     13     0.00007
1989     14     0.00114
1989     15     0.00381
1989     16     0.01027
1989     17     0.02077
1989     18     0.03412
1989     19     0.05012
1989     20     0.05779
1989     21     0.06619
1989     22     0.07776
1989     23     0.08830
1989     24     0.10117
1989     25     0.11424
1989     26     0.12176
1989     27     0.12548
1989     28     0.12443
1989     29     0.11757
1989     30     0.10696
1989     31     0.09319
1989     32     0.07899
1989     33     0.06497
1989     34     0.05272
1989     35     0.04150
1989     36     0.03261
1989     37     0.02404
1989     38     0.01745
1989     39     0.01227
1989     40     0.00780
1989     41     0.00472
1989     42     0.00296
1989     43     0.00160
1989     44     0.00083
1989     45     0.00037
1989     46     0.00016
1989     47     0.00005
1989     48     0.00002
1989     49     0.00001
1989     50     0.00000
1989     51     0.00000
1989     52     0.00000
1989     53     0.00000
1989     54     0.00000
1989     55+    0.00000
1990     12-    0.00000
1990     13     0.00008
1990     14     0.00125
1990     15     0.00416
1990     16     0.01101
1990     17     0.02190
1990     18     0.03540
1990     19     0.05121
1990     20     0.05800
1990     21     0.06758
1990     22     0.07858
1990     23     0.09143
1990     24     0.10265
1990     25     0.11615
1990     26     0.12548
1990     27     0.12844
1990     28     0.12723
1990     29     0.12194
1990     30     0.11342
1990     31     0.09777
1990     32     0.08232
1990     33     0.06750
1990     34     0.05561
1990     35     0.04469
1990     36     0.03437
1990     37     0.02571
1990     38     0.01872
1990     39     0.01287
1990     40     0.00820
1990     41     0.00513
1990     42     0.00316
1990     43     0.00157
1990     44     0.00077
1990     45     0.00036
1990     46     0.00016
1990     47     0.00006
1990     48     0.00002
1990     49     0.00001
1990     50     0.00000
1990     51     0.00000
1990     52     0.00000
1990     53     0.00000
1990     54     0.00000
1990     55+    0.00000
1991     12-    0.00000
1991     13     0.00009
1991     14     0.00137
1991     15     0.00449
1991     16     0.01173
1991     17     0.02303
1991     18     0.03679
1991     19     0.05276
1991     20     0.05840
1991     21     0.06735
1991     22     0.07693
1991     23     0.08924
1991     24     0.10210
1991     25     0.11448
1991     26     0.12212
1991     27     0.12712
1991     28     0.12579
1991     29     0.11916
1991     30     0.11202
1991     31     0.09897
1991     32     0.08373
1991     33     0.06938
1991     34     0.05675
1991     35     0.04618
1991     36     0.03580
1991     37     0.02557
1991     38     0.01889
1991     39     0.01339
1991     40     0.00859
1991     41     0.00538
1991     42     0.00288
1991     43     0.00173
1991     44     0.00079
1991     45     0.00046
1991     46     0.00021
1991     47     0.00008
1991     48     0.00002
1991     49     0.00001
1991     50     0.00000
1991     51     0.00000
1991     52     0.00000
1991     53     0.00000
1991     54     0.00000
1991     55+    0.00000
1992     12-    0.00000
1992     13     0.00008
1992     14     0.00134
1992     15     0.00441
1992     16     0.01162
1992     17     0.02296
1992     18     0.03668
1992     19     0.05193
1992     20     0.05612
1992     21     0.06498
1992     22     0.07500
1992     23     0.08675
1992     24     0.09906
1992     25     0.11136
1992     26     0.11962
1992     27     0.12609
1992     28     0.12748
1992     29     0.12100
1992     30     0.11337
1992     31     0.09960
1992     32     0.08608
1992     33     0.07192
1992     34     0.05884
1992     35     0.04684
1992     36     0.03592
1992     37     0.02702
1992     38     0.01922
1992     39     0.01418
1992     40     0.00908
1992     41     0.00565
1992     42     0.00347
1992     43     0.00188
1992     44     0.00078
1992     45     0.00031
1992     46     0.00014
1992     47     0.00006
1992     48     0.00003
1992     49     0.00001
1992     50     0.00001
1992     51     0.00001
1992     52     0.00000
1992     53     0.00000
1992     54     0.00000
1992     55+    0.00000
1993     12-    0.00000
1993     13     0.00008
1993     14     0.00128
1993     15     0.00422
1993     16     0.01113
1993     17     0.02205
1993     18     0.03553
1993     19     0.05130
1993     20     0.05685
1993     21     0.06426
1993     22     0.07302
1993     23     0.08358
1993     24     0.09449
1993     25     0.10515
1993     26     0.11505
1993     27     0.12119
1993     28     0.12380
1993     29     0.11985
1993     30     0.11174
1993     31     0.09985
1993     32     0.08668
1993     33     0.07215
1993     34     0.05955
1993     35     0.04838
1993     36     0.03720
1993     37     0.02721
1993     38     0.02053
1993     39     0.01372
1993     40     0.00928
1993     41     0.00591
1993     42     0.00367
1993     43     0.00184
1993     44     0.00106
1993     45     0.00037
1993     46     0.00018
1993     47     0.00008
1993     48     0.00004
1993     49     0.00002
1993     50     0.00002
1993     51     0.00001
1993     52     0.00001
1993     53     0.00000
1993     54     0.00000
1993     55+    0.00000
1994     12-    0.00000
1994     13     0.00008
1994     14     0.00123
1994     15     0.00414
1994     16     0.01104
1994     17     0.02207
1994     18     0.03570
1994     19     0.05135
1994     20     0.05645
1994     21     0.06438
1994     22     0.07402
1994     23     0.08010
1994     24     0.09205
1994     25     0.10405
1994     26     0.11414
1994     27     0.11952
1994     28     0.12283
1994     29     0.12085
1994     30     0.11296
1994     31     0.10022
1994     32     0.08676
1994     33     0.07454
1994     34     0.06205
1994     35     0.04925
1994     36     0.03857
1994     37     0.02818
1994     38     0.02062
1994     39     0.01466
1994     40     0.00998
1994     41     0.00624
1994     42     0.00354
1994     43     0.00198
1994     44     0.00109
1994     45     0.00030
1994     46     0.00015
1994     47     0.00008
1994     48     0.00006
1994     49     0.00005
1994     50     0.00004
1994     51     0.00003
1994     52     0.00002
1994     53     0.00001
1994     54     0.00000
1994     55+    0.00000
1995     12-    0.00000
1995     13     0.00007
1995     14     0.00116
1995     15     0.00397
1995     16     0.01066
1995     17     0.02146
1995     18     0.03495
1995     19     0.05051
1995     20     0.05557
1995     21     0.06333
1995     22     0.07225
1995     23     0.07968
1995     24     0.08825
1995     25     0.10190
1995     26     0.10846
1995     27     0.11715
1995     28     0.12027
1995     29     0.11606
1995     30     0.11282
1995     31     0.10283
1995     32     0.09029
1995     33     0.07500
1995     34     0.06208
1995     35     0.05074
1995     36     0.03966
1995     37     0.02916
1995     38     0.02154
1995     39     0.01542
1995     40     0.01016
1995     41     0.00639
1995     42     0.00383
1995     43     0.00220
1995     44     0.00103
1995     45     0.00053
1995     46     0.00025
1995     47     0.00009
1995     48     0.00003
1995     49     0.00001
1995     50     0.00001
1995     51     0.00001
1995     52     0.00000
1995     53     0.00000
1995     54     0.00000
1995     55+    0.00000
1996     12-    0.00000
1996     13     0.00007
1996     14     0.00109
1996     15     0.00368
1996     16     0.00977
1996     17     0.01948
1996     18     0.03176
1996     19     0.04668
1996     20     0.05243
1996     21     0.06096
1996     22     0.06802
1996     23     0.07581
1996     24     0.08605
1996     25     0.09597
1996     26     0.10743
1996     27     0.11361
1996     28     0.11607
1996     29     0.11402
1996     30     0.10989
1996     31     0.09989
1996     32     0.08958
1996     33     0.07592
1996     34     0.06449
1996     35     0.05175
1996     36     0.04094
1996     37     0.03104
1996     38     0.02291
1996     39     0.01583
1996     40     0.01065
1996     41     0.00655
1996     42     0.00416
1996     43     0.00226
1996     44     0.00123
1996     45     0.00054
1996     46     0.00025
1996     47     0.00010
1996     48     0.00004
1996     49     0.00002
1996     50     0.00001
1996     51     0.00001
1996     52     0.00001
1996     53     0.00000
1996     54     0.00000
1996     55+    0.00000
1997     12-    0.00000
1997     13     0.00007
1997     14     0.00104
1997     15     0.00342
1997     16     0.00888
1997     17     0.01743
1997     18     0.02831
1997     19     0.04233
1997     20     0.04903
1997     21     0.05631
1997     22     0.06491
1997     23     0.07214
1997     24     0.08058
1997     25     0.09163
1997     26     0.10070
1997     27     0.10611
1997     28     0.11252
1997     29     0.11183
1997     30     0.10762
1997     31     0.09753
1997     32     0.08736
1997     33     0.07486
1997     34     0.06310
1997     35     0.05192
1997     36     0.04089
1997     37     0.03147
1997     38     0.02210
1997     39     0.01634
1997     40     0.01072
1997     41     0.00708
1997     42     0.00410
1997     43     0.00246
1997     44     0.00115
1997     45     0.00057
1997     46     0.00025
1997     47     0.00009
1997     48     0.00003
1997     49     0.00001
1997     50     0.00001
1997     51     0.00000
1997     52     0.00000
1997     53     0.00000
1997     54     0.00000
1997     55+    0.00000
1998     12-    0.00000
1998     13     0.00006
1998     14     0.00091
1998     15     0.00311
1998     16     0.00839
1998     17     0.01703
1998     18     0.02827
1998     19     0.04223
1998     20     0.04835
1998     21     0.05534
1998     22     0.06366
1998     23     0.07283
1998     24     0.07980
1998     25     0.08958
1998     26     0.09758
1998     27     0.10421
1998     28     0.11045
1998     29     0.11074
1998     30     0.10710
1998     31     0.09816
1998     32     0.08675
1998     33     0.07514
1998     34     0.06454
1998     35     0.05210
1998     36     0.04116
1998     37     0.03074
1998     38     0.02362
1998     39     0.01672
1998     40     0.01092
1998     41     0.00685
1998     42     0.00432
1998     43     0.00256
1998     44     0.00120
1998     45     0.00054
1998     46     0.00028
1998     47     0.00014
1998     48     0.00007
1998     49     0.00004
1998     50     0.00003
1998     51     0.00002
1998     52     0.00001
1998     53     0.00000
1998     54     0.00000
1998     55+    0.00000
1999     12-    0.00000
1999     13     0.00005
1999     14     0.00083
1999     15     0.00287
1999     16     0.00777
1999     17     0.01588
1999     18     0.02654
1999     19     0.03997
1999     20     0.04630
1999     21     0.05356
1999     22     0.06127
1999     23     0.06879
1999     24     0.07847
1999     25     0.08777
1999     26     0.09627
1999     27     0.10459
1999     28     0.10878
1999     29     0.10921
1999     30     0.10594
1999     31     0.10056
1999     32     0.08877
1999     33     0.07679
1999     34     0.06482
1999     35     0.05462
1999     36     0.04265
1999     37     0.03208
1999     38     0.02339
1999     39     0.01660
1999     40     0.01195
1999     41     0.00736
1999     42     0.00429
1999     43     0.00248
1999     44     0.00122
1999     45     0.00055
1999     46     0.00028
1999     47     0.00015
1999     48     0.00008
1999     49     0.00004
1999     50     0.00003
1999     51     0.00002
1999     52     0.00001
1999     53     0.00000
1999     54     0.00000
1999     55+    0.00000
2000     12-    0.00000
2000     13     0.00005
2000     14     0.00071
2000     15     0.00251
2000     16     0.00688
2000     17     0.01423
2000     18     0.02415
2000     19     0.03701
2000     20     0.04376
2000     21     0.05036
2000     22     0.05863
2000     23     0.06720
2000     24     0.07482
2000     25     0.08681
2000     26     0.09379
2000     27     0.10024
2000     28     0.10715
2000     29     0.10483
2000     30     0.10394
2000     31     0.09773
2000     32     0.08930
2000     33     0.07629
2000     34     0.06517
2000     35     0.05347
2000     36     0.04303
2000     37     0.03300
2000     38     0.02466
2000     39     0.01749
2000     40     0.01267
2000     41     0.00774
2000     42     0.00455
2000     43     0.00260
2000     44     0.00141
2000     45     0.00059
2000     46     0.00029
2000     47     0.00015
2000     48     0.00008
2000     49     0.00004
2000     50     0.00003
2000     51     0.00002
2000     52     0.00001
2000     53     0.00000
2000     54     0.00000
2000     55+    0.00000
2001     12-    0.00000
2001     13     0.00004
2001     14     0.00054
2001     15     0.00203
2001     16     0.00595
2001     17     0.01314
2001     18     0.02321
2001     19     0.03543
2001     20     0.04047
2001     21     0.04885
2001     22     0.05606
2001     23     0.06411
2001     24     0.07435
2001     25     0.08486
2001     26     0.09510
2001     27     0.10242
2001     28     0.10908
2001     29     0.10981
2001     30     0.11049
2001     31     0.10261
2001     32     0.09333
2001     33     0.08091
2001     34     0.07039
2001     35     0.05759
2001     36     0.04455
2001     37     0.03501
2001     38     0.02601
2001     39     0.01831
2001     40     0.01255
2001     41     0.00813
2001     42     0.00494
2001     43     0.00284
2001     44     0.00156
2001     45     0.00062
2001     46     0.00030
2001     47     0.00016
2001     48     0.00008
2001     49     0.00005
2001     50     0.00003
2001     51     0.00002
2001     52     0.00001
2001     53     0.00001
2001     54     0.00000
2001     55+    0.00000
2002     12-    0.00000
2002     13     0.00004
2002     14     0.00056
2002     15     0.00198
2002     16     0.00565
2002     17     0.01219
2002     18     0.02131
2002     19     0.03295
2002     20     0.03888
2002     21     0.04626
2002     22     0.05328
2002     23     0.06256
2002     24     0.07091
2002     25     0.08179
2002     26     0.09150
2002     27     0.10164
2002     28     0.10655
2002     29     0.10820
2002     30     0.10897
2002     31     0.10229
2002     32     0.09443
2002     33     0.08182
2002     34     0.07065
2002     35     0.05816
2002     36     0.04750
2002     37     0.03478
2002     38     0.02691
2002     39     0.01936
2002     40     0.01304
2002     41     0.00834
2002     42     0.00522
2002     43     0.00280
2002     44     0.00152
2002     45     0.00057
2002     46     0.00028
2002     47     0.00015
2002     48     0.00008
2002     49     0.00005
2002     50     0.00004
2002     51     0.00002
2002     52     0.00001
2002     53     0.00001
2002     54     0.00000
2002     55+    0.00000
2003     12-    0.00000
2003     13     0.00003
2003     14     0.00044
2003     15     0.00165
2003     16     0.00499
2003     17     0.01135
2003     18     0.02063
2003     19     0.03222
2003     20     0.03776
2003     21     0.04415
2003     22     0.05166
2003     23     0.06108
2003     24     0.07094
2003     25     0.08177
2003     26     0.09329
2003     27     0.10147
2003     28     0.10894
2003     29     0.11207
2003     30     0.11119
2003     31     0.10556
2003     32     0.09749
2003     33     0.08488
2003     34     0.07554
2003     35     0.06321
2003     36     0.04946
2003     37     0.03793
2003     38     0.02793
2003     39     0.02059
2003     40     0.01399
2003     41     0.00882
2003     42     0.00525
2003     43     0.00298
2003     44     0.00142
2003     45     0.00066
2003     46     0.00034
2003     47     0.00018
2003     48     0.00010
2003     49     0.00006
2003     50     0.00004
2003     51     0.00002
2003     52     0.00001
2003     53     0.00001
2003     54     0.00000
2003     55+    0.00000
2004     12-    0.00000
2004     13     0.00003
2004     14     0.00048
2004     15     0.00176
2004     16     0.00502
2004     17     0.01086
2004     18     0.01916
2004     19     0.03014
2004     20     0.03639
2004     21     0.04344
2004     22     0.05055
2004     23     0.05784
2004     24     0.06881
2004     25     0.08054
2004     26     0.09108
2004     27     0.10007
2004     28     0.10888
2004     29     0.11288
2004     30     0.11356
2004     31     0.10708
2004     32     0.10146
2004     33     0.08841
2004     34     0.07796
2004     35     0.06513
2004     36     0.05125
2004     37     0.03862
2004     38     0.02947
2004     39     0.02116
2004     40     0.01428
2004     41     0.00941
2004     42     0.00567
2004     43     0.00323
2004     44     0.00169
2004     45     0.00078
2004     46     0.00040
2004     47     0.00021
2004     48     0.00011
2004     49     0.00006
2004     50     0.00004
2004     51     0.00002
2004     52     0.00001
2004     53     0.00001
2004     54     0.00000
2004     55+    0.00000
2005     12-    0.00000
2005     13     0.00004
2005     14     0.00051
2005     15     0.00184
2005     16     0.00512
2005     17     0.01079
2005     18     0.01872
2005     19     0.02939
2005     20     0.03541
2005     21     0.04279
2005     22     0.04933
2005     23     0.05817
2005     24     0.06789
2005     25     0.08016
2005     26     0.09066
2005     27     0.10111
2005     28     0.11002
2005     29     0.11321
2005     30     0.11537
2005     31     0.11038
2005     32     0.10193
2005     33     0.09131
2005     34     0.07936
2005     35     0.06805
2005     36     0.05390
2005     37     0.04109
2005     38     0.03013
2005     39     0.02186
2005     40     0.01532
2005     41     0.00997
2005     42     0.00566
2005     43     0.00321
2005     44     0.00173
2005     45     0.00074
2005     46     0.00038
2005     47     0.00020
2005     48     0.00011
2005     49     0.00006
2005     50     0.00004
2005     51     0.00003
2005     52     0.00001
2005     53     0.00001
2005     54     0.00000
2005     55+    0.00000
2006     12-    0.00000
2006     13     0.00004
2006     14     0.00051
2006     15     0.00187
2006     16     0.00523
2006     17     0.01113
2006     18     0.01938
2006     19     0.03023
2006     20     0.03572
2006     21     0.04271
2006     22     0.05135
2006     23     0.05875
2006     24     0.06830
2006     25     0.07957
2006     26     0.09207
2006     27     0.10317
2006     28     0.11114
2006     29     0.11727
2006     30     0.11722
2006     31     0.11399
2006     32     0.10584
2006     33     0.09546
2006     34     0.08312
2006     35     0.07110
2006     36     0.05712
2006     37     0.04411
2006     38     0.03370
2006     39     0.02324
2006     40     0.01605
2006     41     0.01031
2006     42     0.00620
2006     43     0.00359
2006     44     0.00182
2006     45     0.00079
2006     46     0.00040
2006     47     0.00021
2006     48     0.00011
2006     49     0.00006
2006     50     0.00004
2006     51     0.00003
2006     52     0.00001
2006     53     0.00001
2006     54     0.00000
2006     55+    0.00000
2007     12-    0.00002
2007     13     0.00007
2007     14     0.00049
2007     15     0.00224
2007     16     0.00625
2007     17     0.01221
2007     18     0.01978
2007     19     0.02939
2007     20     0.03641
2007     21     0.04477
2007     22     0.05052
2007     23     0.05957
2007     24     0.07096
2007     25     0.08089
2007     26     0.09171
2007     27     0.10361
2007     28     0.11380
2007     29     0.11845
2007     30     0.12124
2007     31     0.11534
2007     32     0.10902
2007     33     0.09724
2007     34     0.08604
2007     35     0.07531
2007     36     0.06010
2007     37     0.04693
2007     38     0.03528
2007     39     0.02585
2007     40     0.01743
2007     41     0.01117
2007     42     0.00688
2007     43     0.00374
2007     44     0.00192
2007     45     0.00094
2007     46     0.00050
2007     47     0.00018
2007     48     0.00011
2007     49     0.00011
2007     50     0.00005
2007     51     0.00003
2007     52     0.00001
2007     53     0.00001
2007     54     0.00000
2007     55+    0.00000
